0
841.33305
802.65299
927.01507
293.16239
184.27282
240.40227
438.59887
308.75148
636.01496
266.15314
702.43913
359.60897
432.8036
326.96238
563.20119
861.54109
523.76654
545.99953
389.17938
469.38642
88.46439
656.73489
709.02311
600.27449
-256.7645
697.51982
39.58123
241.71112
213.83157
73.90461
383.0824
721.3748
979.75475
1069.16499
1677.78143
729.07644
857.41494
412.60273
1028.99936
863.33986
1040.74047
817.0653
1243.53461
1020.92851
774.23882
858.57771
1108.00111
1246.47142
1519.03407
792.35053
1253.82333
1381.33933
1328.83755
874.18173
1005.57042
1600.16056
1621.75802
1731.39262
1045.79494
1717.42481
1027.82104
1160.26215
925.62375
1208.08106
1293.56732
1442.10391
1380.61967
1373.1329
1467.67815
1328.17615
1466.72108
1705.34686
783.66036
1442.19699
1340.69922
2118.46497
1697.08795
1638.69115
1841.36301
1798.02019
1555.59523
2320.4294
2744.40722
1863.08644
1644.69167
1933.39471
1650.00174
1868.68286
1950.39166
1271.87058
1771.51878
2135.29022
1753.93246
1706.55865
2262.37315
2718.34214
2346.18504
2453.06415
2816.06624
2720.03581
1666.64847
1923.34811
2397.2083
2297.03454
2004.76177
2194.55329
2082.30679
2728.27914
2328.11592
2986.17565
3204.30928
3043.38839
2856.40416
3091.49957
2517.40048
2897.43014
2746.40864
2894.43729
2515.33749
2637.27902
2943.32423
3146.43825
2839.44827
2590.3739
3833.72079
2735.69565
3053.77829
3228.92026
3703.22293
3488.45283
3509.68993
3367.87898
3815.2196
3627.49661
3069.5846
4045.00306
3807.34101
3423.54892
3486.77826
3515.01716
3783.34698
4110.78773
3727.09849
3323.27243
4076.70164
3261.85477
4525.43601
3886.80087
4280.29906
4018.70861
3967.10068
3518.34071
4543.92822
4199.39899
3924.77673
3590.04105
4470.60371
4759.26417
4574.86215
4443.4156
4967.1465
4799.8207
4992.5602
4869.25793
4754.91691
5241.74084
5438.63147
5130.41768
5403.29634
5329.14988
5769.1525
5339.00938
5286.84859
5492.75756
5852.78851
5233.60968
5472.51179
5555.442
6463.67993
5925.73559
5785.74383
5592.68666
5213.50102
6343.69829
5803.71261
6058.81337
6413.03413
6278.20922
6521.46672
7017.89242
6972.30266
6361.50597
7035.93778
6491.18502
7307.70891
6750.04385
7802.73545
7250.23987
7625.87155
7393.42448
8193.24839
7374.795
7631.42856
8020.19384
7349.73196
8592.69121
8679.67992
7790.36733
7483.95093
7941.68961
8479.61054
8229.44672
8371.33096
9254.51443
8155.32549
8841.36899
8715.3698
9089.49736
9573.789
9038.89942
8931.97362
8504.90312
9598.20303
9006.30241
9260.4879
9904.89173
9948.31026
10306.85027
10046.302
11242.1589
9780.52058
10328.06778
11153.89477
9731.23976
10412.81567
10470.41109
10432.99383
10514.60423
10209.11112
10469.70631
11854.77076
11736.79524
11960.89564
11907.97812
11855.04266
11779.08147
10667.74375
11812.79398
12137.95437
10934.7071
12090.85154
11499.79572
12492.07609
12774.45214
13166.96116
12289.17279
13109.6624
12274.86919
13177.38174
13187.89786
13415.49109
12868.89913
13761.60963
13068.08516
13506.70929
13702.39973
13327.9633
13730.66331
13820.39372
13264.93595
14506.89895
14158.744
14484.69948
14442.64071
14545.61683
14478.57024
15417.84187
14570.82654
14459.77357
14583.76262
14924.86723
14900.96375
15156.14672
15450.42939
15342.67556
14969.7954
16178.32469
16034.80535
15721.17976
16034.66038
15644.00864
15903.4448
16437.06175
16178.59113
16861.35183
16663.04535
15991.51134
16337.09443
16611.77057
16907.54692
16179.07647
16623.75667
16502.39576
17093.23503
16968.03187
16921.81306
17575.81583
16767.54475
17506.52404
17478.49383
16616.17146
18038.33093
17289.23661
17959.36932
17784.44277
17423.3939
18127.58361
18194.79609
18748.19606
18536.52432
18869.96555
18990.4476
18048.61055
18194.82304
18973.29928
18151.49709
18113.68209
19108.20403
18788.6177
18446.9156
20771.00091
18931.46298
19648.16787
19745.90587
19659.61464
19482.26332
19892.05083
19505.70746
19363.31584
19153.85325
20661.9016
18929.36295
20458.34233
20131.21088
20914.34475
20555.357
21118.56006
20571.57781
20109.43898
20817.54006
20153.41612
21857.86967
21600.23593
21198.46607
21507.80101
21926.27773
21222.51602
22242.09974
22335.71518
22472.37693
22655.10058
23260.02918
22480.69374
22756.45173
23513.4662
24033.65691
23102.53216
23792.64121
23752.73675
24767.17598
23923.32931
24113.54709
24940.04489
25209.63403
25497.32064
25629.05188
26095.9413
26463.95541
27107.18745
27696.61919
26903.78232
28807.59046
28439.27381
27490.63577
29412.64891
28949.50513
29232.45722
30395.80346
31507.52635
32346.5335
32289.52134
31581.26922
33323.60741
34179.23549
34300.90479
34288.56992
35561.66637
36960.23667
38511.33248
37630.12974
41091.09959
41421.18128
43203.86695
44035.83449
44111.82777
46396.59515
49411.38395
49838.3174
52062.00425
53875.30545
57394.79907
60565.36689
64685.33057
68746.67026
72944.43216
78267.99772
83887.46717
89295.76899
98976.35063
107687.88377
117819.84967
126695.82279
136404.08512
147524.11496
160589.57144
172150.94496
190923.67878
204866.13636
218761.30168
231929.9286
249730.58646
267949.41694
282049.02443
309078.78973
330635.85867
354001.84411
384150.04389
408905.63098
442945.75102
477478.57093
518156.1726
561677.5195
596809.76937
637068.65913
672388.51543
698613.25678
709659.74073
712479.17992
709853.7296
694651.12856
672497.02162
645925.91226
620820.297
589559.0903
575318.05868
563696.08948
549939.45948
552927.84195
553617.45806
562416.05518
586579.8391
608566.07206
641379.42233
679306.62251
720343.72624
772765.59074
822112.17409
869239.72447
913206.17088
955200.84527
989150.0218
994295.9418
971167.02561
927468.30409
845287.73943
755808.85891
643940.07674
523975.65008
417608.18563
317226.71149
232483.52597
166084.84427
120008.55171
84109.09626
61615.0197
46351.7719
35763.93688
28316.57867
22439.22918
20175.1126
17152.97211
15708.34216
14462.29005
13301.84478
13115.33631
11820.38912
11445.31484
11230.16767
10916.91437
10161.4051
9802.77433
9737.12131
9278.31284
9571.60375
8835.6453
8896.70755
8730.71356
8495.63992
8507.57032
8350.44749
8361.32835
8022.09427
7983.84723
7876.56385
8216.3956
7596.01717
7095.46914
7578.08463
7224.58035
7580.19656
7292.71536
7277.22892
6832.59184
6775.93555
7140.40275
7048.83893
6887.22036
6787.56801
6791.91715
6383.12778
6593.40966
6142.53878
6260.70793
5980.78225
5952.8471
5959.91435
6085.02398
5902.07163
5435.96136
5827.98391
5754.98172
5728.97072
5566.90481
5782.91209
5464.8116
5385.68429
5615.63489
5784.64276
5438.53336
4866.23006
5000.97241
4973.70552
4922.42126
4467.98304
4918.69751
4774.36309
4791.03431
4671.66509
4395.20221
4617.81475
4637.43393
4398.97232
4423.51903
4278.01644
4169.47708
4033.89178
3957.28052
4347.80158
4061.22554
4079.65575
3843.00578
3776.33321
3739.64822
3577.90844
3582.17009
3661.45861
3310.62827
3429.83831
2922.8766
3391.07351
2967.12678
3186.2543
2949.30154
2964.35387
3050.43538
2945.48132
2909.51508
2823.5197
2726.49144
2844.50318
2344.34545
2613.27884
2396.13866
2327.97539
2291.79987
2302.62801
2083.38187
2111.14513
2362.99372
1715.62299
1839.29415
1796.95096
1748.59139
1572.17205
1699.79595
1587.38176
1539.95151
1548.52415
1317.01836
1394.53884
1130.97002
1264.44642
1225.90976
1026.30548
925.6671
1013.05833
854.3958
664.669
651.93787
713.22752
421.4183
472.62643
547.86004
389.03985
328.19905
446.39829
387.5776
315.73257
301.88285
374.05759
162.16053
200.27638
219.39872
270.53837
102.62114
38.68225
109.76744
-28.19411
26.86299
77.93739
5.98742
54.05374
50.11872
39.17999
-133.81735
-94.80147
-63.77507
-64.74901
-153.7531
-43.71991
-63.69349
-218.7196
-124.71385
-136.71217
-72.6888
-229.71863
-162.72576
-181.73933
-192.75664
-173.76751
-152.77127
-117.76317
-68.73846
-166.74695
-183.76121
-122.7548
-139.75415
-148.75655
-114.74743
-178.75999
-105.74782
-136.74615
-124.74041
-78.71908
-141.7191
-129.71505
-66.68964
-66.66423
-113.65473
-49.62355
-144.62455
-103.61165
-114.60248
-92.58585
-108.57463
-70.55053
-70.52643
-45.49384
-57.46531
-58.43711
-3.39026
-11.3461
-16.30363
-58.27537
-77.25354
-76.23137
-30.1936
38.86757
-28.09395
-6.048